201805010407
201805010407
201805010407
201805010407
201805010407
201805010407
201805010407
201805010407
201805010407
201805010407
201805010407
201805010407
201805010407
201805010407
201805010407
201805010407
201805020807
201805020807
201805020807
201805020807
201805020807
201805020807
201805020807
201805020807
201805020807
201805020807
201805020807
201805020807
201805020807
201805020807
201805020807
201805020807
201805020807
201805020807
201808040610
201808040610
201808040610
201808040610
201808040610
201808040610
201808040610
201808040610
201808040610
